行列交换
(1,2)(5,6)(9,10)(13,14)
(3,4)(7,8)(11,12)(15,16)
(1,5)(2,6)(3,7)(4,8)
(9,13)(10,14)(11,15)(12,16)
整块交换
(1,3)(5,7)(9,11)(13,15)(2,4)(6,8)(10,12)(14,16)
(1,9)(2,10)(3,11)(4,12)(5,13)(6,14)(7,15)(8,16)
旋转
(1,13,16,4)(5,14,12,3)(9,15,8,2)(6,10,11,7)

转置
(2,5)(3,9)(7,10)(4,13)(8,14)(12,15)

########## 代码 #############
### 旋转和转置可以相互替代 ###
gens := [(1,2)(5,6)(9,10)(13,14),
(3,4)(7,8)(11,12)(15,16),
(1,5)(2,6)(3,7)(4,8),
(9,13)(10,14)(11,15)(12,16),
(1,3)(5,7)(9,11)(13,15)(4,2)(8,6)(12,10)(16,14),
(1,9)(2,10)(3,11)(4,12)(5,13)(6,14)(7,15)(8,16),
(1,13,16,4)(5,14,12,3)(9,15,8,2)(6,10,11,7)];;
G := Group(gens);;

gens2 := [(1,2)(5,6)(9,10)(13,14),
(3,4)(7,8)(11,12)(15,16),
(1,5)(2,6)(3,7)(4,8),
(9,13)(10,14)(11,15)(12,16),
(1,3)(5,7)(9,11)(13,15)(4,2)(8,6)(12,10)(16,14),
(1,9)(2,10)(3,11)(4,12)(5,13)(6,14)(7,15)(8,16)];;
G2 := Group(gens2);;


### 保存数据 ###
PrintTo("sudoku2_permutations.txt","");#清除文本
for i in G do
    AppendTo("sudoku2_permutations.txt",i,"\r\n"); #打印数据
od;
