()
( 3, 4)( 7, 8)(11,12)(15,16)
( 9,13)(10,14)(11,15)(12,16)
( 3, 4)( 7, 8)( 9,13)(10,14)(11,16)(12,15)
( 2, 5)( 3, 9, 4,13)( 7,10, 8,14)(11,12,16,15)
( 2, 5)( 3,13)( 4, 9)( 7,14)( 8,10)(11,16)
( 2, 5)( 3, 9)( 4,13)( 7,10)( 8,14)(12,15)
( 2, 5)( 3,13, 4, 9)( 7,14, 8,10)(11,15,16,12)
( 1, 2)( 5, 6)( 9,10)(13,14)
( 1, 2)( 3, 4)( 5, 6)( 7, 8)( 9,10)(11,12)(13,14)(15,16)
( 1, 2)( 5, 6)( 9,14)(10,13)(11,15)(12,16)
( 1, 2)( 3, 4)( 5, 6)( 7, 8)( 9,14)(10,13)(11,16)(12,15)
( 1, 2, 6, 5)( 3,10, 8,13)( 4,14, 7, 9)(11,12,16,15)
( 1, 2, 6, 5)( 3,14, 7,13)( 4,10, 8, 9)(11,16)
( 1, 2, 6, 5)( 3,10, 7, 9)( 4,14, 8,13)(12,15)
( 1, 2, 6, 5)( 3,14, 8, 9)( 4,10, 7,13)(11,15,16,12)
( 1, 5)( 2, 6)( 3, 7)( 4, 8)
( 1, 5)( 2, 6)( 3, 8)( 4, 7)(11,12)(15,16)
( 1, 5)( 2, 6)( 3, 7)( 4, 8)( 9,13)(10,14)(11,15)(12,16)
( 1, 5)( 2, 6)( 3, 8)( 4, 7)( 9,13)(10,14)(11,16)(12,15)
( 1, 5, 6, 2)( 3, 9, 8,14)( 4,13, 7,10)(11,12,16,15)
( 1, 5, 6, 2)( 3,13, 7,14)( 4, 9, 8,10)(11,16)
( 1, 5, 6, 2)( 3, 9, 7,10)( 4,13, 8,14)(12,15)
( 1, 5, 6, 2)( 3,13, 8,10)( 4, 9, 7,14)(11,15,16,12)
( 1, 6)( 2, 5)( 3, 7)( 4, 8)( 9,10)(13,14)
( 1, 6)( 2, 5)( 3, 8)( 4, 7)( 9,10)(11,12)(13,14)(15,16)
( 1, 6)( 2, 5)( 3, 7)( 4, 8)( 9,14)(10,13)(11,15)(12,16)
( 1, 6)( 2, 5)( 3, 8)( 4, 7)( 9,14)(10,13)(11,16)(12,15)
( 1, 6)( 3,10, 4,14)( 7, 9, 8,13)(11,12,16,15)
( 1, 6)( 3,14)( 4,10)( 7,13)( 8, 9)(11,16)
( 1, 6)( 3,10)( 4,14)( 7, 9)( 8,13)(12,15)
( 1, 6)( 3,14, 4,10)( 7,13, 8, 9)(11,15,16,12)
( 1, 3)( 2, 4)( 5, 7)( 6, 8)( 9,11)(10,12)(13,15)(14,16)
( 1, 3, 2, 4)( 5, 7, 6, 8)( 9,11,10,12)(13,15,14,16)
( 1, 3)( 2, 4)( 5, 7)( 6, 8)( 9,15)(10,16)(11,13)(12,14)
( 1, 3, 2, 4)( 5, 7, 6, 8)( 9,15,10,16)(11,14,12,13)
( 1, 3,11,10, 6, 8,16,13)( 2, 7,12,14, 5, 4,15, 9)
( 1, 3,15,13)( 2, 7,16, 9)( 4,11,14, 5)( 6, 8,12,10)
( 1, 3,11, 9)( 2, 7,12,13)( 4,15,10, 5)( 6, 8,16,14)
( 1, 3,15,14, 6, 8,12, 9)( 2, 7,16,10, 5, 4,11,13)
( 1, 4, 2, 3)( 5, 8, 6, 7)( 9,12,10,11)(13,16,14,15)
( 1, 4)( 2, 3)( 5, 8)( 6, 7)( 9,12)(10,11)(13,16)(14,15)
( 1, 4, 2, 3)( 5, 8, 6, 7)( 9,16,10,15)(11,13,12,14)
( 1, 4)( 2, 3)( 5, 8)( 6, 7)( 9,16)(10,15)(11,14)(12,13)
( 1, 4,16,13)( 2, 8,15, 9)( 3,12,14, 5)( 6, 7,11,10)
( 1, 4,12,10, 6, 7,15,13)( 2, 8,11,14, 5, 3,16, 9)
( 1, 4,16,14, 6, 7,11, 9)( 2, 8,15,10, 5, 3,12,13)
( 1, 4,12, 9)( 2, 8,11,13)( 3,16,10, 5)( 6, 7,15,14)
( 1, 7)( 2, 8)( 3, 5)( 4, 6)( 9,11)(10,12)(13,15)(14,16)
( 1, 7, 2, 8)( 3, 6, 4, 5)( 9,11,10,12)(13,15,14,16)
( 1, 7)( 2, 8)( 3, 5)( 4, 6)( 9,15)(10,16)(11,13)(12,14)
( 1, 7, 2, 8)( 3, 6, 4, 5)( 9,15,10,16)(11,14,12,13)
( 1, 7,12,14)( 2, 3,11,10)( 4,15, 9, 6)( 5, 8,16,13)
( 1, 7,16, 9, 6, 4,11,14)( 2, 3,15,13, 5, 8,12,10)
( 1, 7,12,13, 6, 4,15,10)( 2, 3,11, 9, 5, 8,16,14)
( 1, 7,16,10)( 2, 3,15,14)( 4,11,13, 6)( 5, 8,12, 9)
( 1, 8, 2, 7)( 3, 5, 4, 6)( 9,12,10,11)(13,16,14,15)
( 1, 8)( 2, 7)( 3, 6)( 4, 5)( 9,12)(10,11)(13,16)(14,15)
( 1, 8, 2, 7)( 3, 5, 4, 6)( 9,16,10,15)(11,13,12,14)
( 1, 8)( 2, 7)( 3, 6)( 4, 5)( 9,16)(10,15)(11,14)(12,13)
( 1, 8,15, 9, 6, 3,12,14)( 2, 4,16,13, 5, 7,11,10)
( 1, 8,11,14)( 2, 4,12,10)( 3,16, 9, 6)( 5, 7,15,13)
( 1, 8,15,10)( 2, 4,16,14)( 3,12,13, 6)( 5, 7,11, 9)
( 1, 8,11,13, 6, 3,16,10)( 2, 4,12, 9, 5, 7,15,14)
( 1, 9)( 2,10)( 3,11)( 4,12)( 5,13)( 6,14)( 7,15)( 8,16)
( 1, 9)( 2,10)( 3,12)( 4,11)( 5,13)( 6,14)( 7,16)( 8,15)
( 1, 9, 5,13)( 2,10, 6,14)( 3,11, 7,15)( 4,12, 8,16)
( 1, 9, 5,13)( 2,10, 6,14)( 3,12, 7,16)( 4,11, 8,15)
( 1, 9,12, 8, 6,14,15, 3)( 2,13,11, 4, 5,10,16, 7)
( 1, 9,12, 4)( 2,13,11, 8)( 3, 5,10,16)( 6,14,15, 7)
( 1, 9,11, 3)( 2,13,12, 7)( 4, 5,10,15)( 6,14,16, 8)
( 1, 9,11, 7, 6,14,16, 4)( 2,13,12, 3, 5,10,15, 8)
( 1,10)( 2, 9)( 3,11)( 4,12)( 5,14)( 6,13)( 7,15)( 8,16)
( 1,10)( 2, 9)( 3,12)( 4,11)( 5,14)( 6,13)( 7,16)( 8,15)
( 1,10, 5,14)( 2, 9, 6,13)( 3,11, 7,15)( 4,12, 8,16)
( 1,10, 5,14)( 2, 9, 6,13)( 3,12, 7,16)( 4,11, 8,15)
( 1,10,16, 7)( 2,14,15, 3)( 4, 6,13,11)( 5, 9,12, 8)
( 1,10,16, 3, 6,13,11, 8)( 2,14,15, 7, 5, 9,12, 4)
( 1,10,15, 4, 6,13,12, 7)( 2,14,16, 8, 5, 9,11, 3)
( 1,10,15, 8)( 2,14,16, 4)( 3, 6,13,12)( 5, 9,11, 7)
( 1,13, 5, 9)( 2,14, 6,10)( 3,15, 7,11)( 4,16, 8,12)
( 1,13, 5, 9)( 2,14, 6,10)( 3,16, 7,12)( 4,15, 8,11)
( 1,13)( 2,14)( 3,15)( 4,16)( 5, 9)( 6,10)( 7,11)( 8,12)
( 1,13)( 2,14)( 3,16)( 4,15)( 5, 9)( 6,10)( 7,12)( 8,11)
( 1,13,15, 3)( 2, 9,16, 7)( 4, 5,14,11)( 6,10,12, 8)
( 1,13,15, 7, 6,10,12, 4)( 2, 9,16, 3, 5,14,11, 8)
( 1,13,16, 8, 6,10,11, 3)( 2, 9,15, 4, 5,14,12, 7)
( 1,13,16, 4)( 2, 9,15, 8)( 3, 5,14,12)( 6,10,11, 7)
( 1,14, 5,10)( 2,13, 6, 9)( 3,15, 7,11)( 4,16, 8,12)
( 1,14, 5,10)( 2,13, 6, 9)( 3,16, 7,12)( 4,15, 8,11)
( 1,14)( 2,13)( 3,15)( 4,16)( 5,10)( 6, 9)( 7,11)( 8,12)
( 1,14)( 2,13)( 3,16)( 4,15)( 5,10)( 6, 9)( 7,12)( 8,11)
( 1,14,11, 4, 6, 9,16, 7)( 2,10,12, 8, 5,13,15, 3)
( 1,14,11, 8)( 2,10,12, 4)( 3, 6, 9,16)( 5,13,15, 7)
( 1,14,12, 7)( 2,10,11, 3)( 4, 6, 9,15)( 5,13,16, 8)
( 1,14,12, 3, 6, 9,15, 8)( 2,10,11, 7, 5,13,16, 4)
( 1,11)( 2,12)( 3, 9)( 4,10)( 5,15)( 6,16)( 7,13)( 8,14)
( 1,11, 2,12)( 3,10, 4, 9)( 5,15, 6,16)( 7,14, 8,13)
( 1,11, 5,15)( 2,12, 6,16)( 3, 9, 7,13)( 4,10, 8,14)
( 1,11, 6,16)( 2,12, 5,15)( 3,10, 8,13)( 4, 9, 7,14)
( 1,11, 2,15)( 4, 7)( 5,12, 6,16)( 9,10,14,13)
( 1,11, 6,16)( 2,15, 5,12)( 3, 7, 8, 4)( 9,10,14,13)
( 1,11)( 2,15)( 4, 7)( 5,12)( 6,16)(10,13)
( 1,11, 5,12)( 2,15, 6,16)( 3, 7, 8, 4)(10,13)
( 1,12, 2,11)( 3, 9, 4,10)( 5,16, 6,15)( 7,13, 8,14)
( 1,12)( 2,11)( 3,10)( 4, 9)( 5,16)( 6,15)( 7,14)( 8,13)
( 1,12, 6,15)( 2,11, 5,16)( 3, 9, 8,14)( 4,10, 7,13)
( 1,12, 5,16)( 2,11, 6,15)( 3,10, 7,14)( 4, 9, 8,13)
( 1,12, 6,15)( 2,16, 5,11)( 3, 4, 8, 7)( 9,10,14,13)
( 1,12, 2,16)( 3, 8)( 5,11, 6,15)( 9,10,14,13)
( 1,12, 5,11)( 2,16, 6,15)( 3, 4, 8, 7)(10,13)
( 1,12)( 2,16)( 3, 8)( 5,11)( 6,15)(10,13)
( 1,15, 5,11)( 2,16, 6,12)( 3,13, 7, 9)( 4,14, 8,10)
( 1,15, 6,12)( 2,16, 5,11)( 3,14, 8, 9)( 4,13, 7,10)
( 1,15)( 2,16)( 3,13)( 4,14)( 5,11)( 6,12)( 7, 9)( 8,10)
( 1,15, 2,16)( 3,14, 4,13)( 5,11, 6,12)( 7,10, 8, 9)
( 1,15)( 2,11)( 4, 7)( 5,16)( 6,12)( 9,14)
( 1,15, 5,16)( 2,11, 6,12)( 3, 7, 8, 4)( 9,14)
( 1,15, 2,11)( 4, 7)( 5,16, 6,12)( 9,13,14,10)
( 1,15, 6,12)( 2,11, 5,16)( 3, 7, 8, 4)( 9,13,14,10)
( 1,16, 6,11)( 2,15, 5,12)( 3,13, 8,10)( 4,14, 7, 9)
( 1,16, 5,12)( 2,15, 6,11)( 3,14, 7,10)( 4,13, 8, 9)
( 1,16, 2,15)( 3,13, 4,14)( 5,12, 6,11)( 7, 9, 8,10)
( 1,16)( 2,15)( 3,14)( 4,13)( 5,12)( 6,11)( 7,10)( 8, 9)
( 1,16, 5,15)( 2,12, 6,11)( 3, 4, 8, 7)( 9,14)
( 1,16)( 2,12)( 3, 8)( 5,15)( 6,11)( 9,14)
( 1,16, 6,11)( 2,12, 5,15)( 3, 4, 8, 7)( 9,13,14,10)
( 1,16, 2,12)( 3, 8)( 5,15, 6,11)( 9,13,14,10)
