#“换位子集”未必等于“换位子群”
#96阶群231个，反例2个
G := Group((1,3,5)(2,4,6)(7,11,9)(8,12,10),
            (3,9,4,10)(5,7)(6,8)(11,12), 
            (3,4)(5,6)(7,8)(9,10),
            (1,5,3)(2,6,4)(7,9,11)(8,10,12), 
            (3,10,4,9)(5,7)(6,8)(11,12)     );;  #最小反例，96阶群，由5个元生成

comms := Set(List(Cartesian(G,G),p->Comm(p[1],p[2])));; #换位子'集'
sub := DerivedSubgroup(G);;
********************分割线****************************

缺少元素: ( 1, 2)(11,12);  ( 3, 4)( 9,10);  ( 5, 6)( 7, 8)

G的换位子集
() #单位元
( 3, 4)( 5, 6)( 7, 8)( 9,10)
( 3, 9, 4,10)( 5, 7)( 6, 8)(11,12)
( 3, 9, 4,10)( 5, 8)( 6, 7)(11,12)
( 3,10, 4, 9)( 5, 7)( 6, 8)(11,12)
( 3,10, 4, 9)( 5, 8)( 6, 7)(11,12)
( 1, 2)( 5, 6)( 7, 8)(11,12)
( 1, 2)( 3, 4)( 9,10)(11,12)
( 1, 2)( 3, 4)( 5, 6)( 7, 8)( 9,10)(11,12)
( 1, 2)( 3, 9, 4,10)( 5, 7)( 6, 8)
( 1, 2)( 3, 9, 4,10)( 5, 8)( 6, 7)
( 1, 2)( 3,10, 4, 9)( 5, 7)( 6, 8)
( 1, 2)( 3,10, 4, 9)( 5, 8)( 6, 7)
( 1,11)( 2,12)( 5, 7, 6, 8)( 9,10)
( 1,11)( 2,12)( 5, 8, 6, 7)( 9,10)
( 1,11)( 2,12)( 3, 4)( 5, 7, 6, 8)
( 1,11)( 2,12)( 3, 4)( 5, 8, 6, 7)
( 1,11, 2,12)( 3, 9)( 4,10)( 7, 8)
( 1,11, 2,12)( 3, 9)( 4,10)( 5, 6)
( 1,11, 2,12)( 3,10)( 4, 9)( 7, 8)
( 1,11, 2,12)( 3,10)( 4, 9)( 5, 6)
( 1,12)( 2,11)( 5, 7, 6, 8)( 9,10)
( 1,12)( 2,11)( 5, 8, 6, 7)( 9,10)
( 1,12)( 2,11)( 3, 4)( 5, 7, 6, 8)
( 1,12)( 2,11)( 3, 4)( 5, 8, 6, 7)
( 1,12, 2,11)( 3, 9)( 4,10)( 7, 8)
( 1,12, 2,11)( 3, 9)( 4,10)( 5, 6)
( 1,12, 2,11)( 3,10)( 4, 9)( 7, 8)
( 1,12, 2,11)( 3,10)( 4, 9)( 5, 6)
