G2 := Group(( 2, 3, 5)( 6, 8, 7)(10,12,11),
            ( 9,10)(11,12),
            ( 9,12)(10,11),
            ( 1, 2, 4, 6)( 3, 7, 8, 5),
            ( 1, 3, 4, 8)( 2, 5, 6, 7),
            ( 1, 4)( 2, 6)( 3, 8)( 5, 7));;

comms2 := Set(List(Cartesian(G2,G2),p->Comm(p[1],p[2]))); #换位子'集'
sub2 := DerivedSubgroup(G2);;
for i in sub2 do
if not i in comms2 then
Print(i,"\n");
fi;
od;

**************分割线******************
缺少元素
( 1, 4)( 2, 6)( 3, 8)( 5, 7)( 9,10)(11,12)
( 1, 4)( 2, 6)( 3, 8)( 5, 7)( 9,11)(10,12)
( 1, 4)( 2, 6)( 3, 8)( 5, 7)( 9,12)(10,11)

换位子群生成元素为
( 1, 4)( 2, 6)( 3, 8)( 5, 7)
( 1, 3, 4, 8)( 2, 5, 6, 7)( 9,11)(10,12)
( 1, 5, 4, 7)( 2, 8, 6, 3)( 9,12)(10,11)
( 9,10)(11,12)
( 1, 5, 4, 7)( 2, 8, 6, 3)( 9,10)(11,12)

换位子集为
()
( 9,10)(11,12)
( 9,11)(10,12)
( 9,12)(10,11)
( 1, 2, 4, 6)( 3, 7, 8, 5)
( 1, 2, 4, 6)( 3, 7, 8, 5)( 9,10)(11,12)
( 1, 2, 4, 6)( 3, 7, 8, 5)( 9,11)(10,12)
( 1, 2, 4, 6)( 3, 7, 8, 5)( 9,12)(10,11)
( 1, 3, 4, 8)( 2, 5, 6, 7)
( 1, 3, 4, 8)( 2, 5, 6, 7)( 9,10)(11,12)
( 1, 3, 4, 8)( 2, 5, 6, 7)( 9,11)(10,12)
( 1, 3, 4, 8)( 2, 5, 6, 7)( 9,12)(10,11)
( 1, 4)( 2, 6)( 3, 8)( 5, 7)
( 1, 5, 4, 7)( 2, 8, 6, 3)
( 1, 5, 4, 7)( 2, 8, 6, 3)( 9,10)(11,12)
( 1, 5, 4, 7)( 2, 8, 6, 3)( 9,11)(10,12)
( 1, 5, 4, 7)( 2, 8, 6, 3)( 9,12)(10,11)
( 1, 6, 4, 2)( 3, 5, 8, 7)
( 1, 6, 4, 2)( 3, 5, 8, 7)( 9,10)(11,12)
( 1, 6, 4, 2)( 3, 5, 8, 7)( 9,11)(10,12)
( 1, 6, 4, 2)( 3, 5, 8, 7)( 9,12)(10,11)
( 1, 7, 4, 5)( 2, 3, 6, 8)
( 1, 7, 4, 5)( 2, 3, 6, 8)( 9,10)(11,12)
( 1, 7, 4, 5)( 2, 3, 6, 8)( 9,11)(10,12)
( 1, 7, 4, 5)( 2, 3, 6, 8)( 9,12)(10,11)
( 1, 8, 4, 3)( 2, 7, 6, 5)
( 1, 8, 4, 3)( 2, 7, 6, 5)( 9,10)(11,12)
( 1, 8, 4, 3)( 2, 7, 6, 5)( 9,11)(10,12)
( 1, 8, 4, 3)( 2, 7, 6, 5)( 9,12)(10,11)
